24001 03 07 16 26 27 32 16   2,653,241,738 7 8,203,438 164 170,915 397,951,464 2024-01-02
23151 01 15 16 20 25 27 05   2,626,575,547 10 7,807,583 112 313,346 452,958,034 2023-12-31
23150 10 17 25 26 30 33 05   2,599,366,995 7 8,074,962 109 246,843 411,922,624 2023-12-28
23149 02 10 19 24 26 33 15   2,575,173,968 4 10,000,000 134 217,847 405,361,488 2023-12-26
23148 03 05 07 09 19 20 08   2,527,599,376 39 5,414,501 424 47,657 454,223,900 2023-12-24
23147 05 06 14 16 19 32 12   2,678,144,078 8 7,564,467 96 267,132 432,874,498 2023-12-21
23146 02 03 06 11 20 32 09   2,661,725,786 9 6,968,340 172 128,743 449,833,942 2023-12-19
23145 07 10 21 22 23 24 11   2,658,009,357 8 8,328,480 195 170,691 488,324,570 2023-12-17
23144 12 16 17 22 25 27 08   2,624,782,779 9 6,787,498 151 133,174 461,560,620 2023-12-14
23143 05 07 09 16 23 30 15   2,625,542,196 32 5,793,556 187 169,744 460,243,432 2023-12-12
23142 02 08 20 21 27 33 14   2,715,709,193 3 10,000,000 130 301,470 507,406,422 2023-12-10
23141 01 08 11 12 21 23 03   2,628,135,529 11 7,529,897 220 158,118 493,963,074 2023-12-07
23140 03 04 11 14 30 31 05   2,606,606,136 12 7,033,098 123 247,938 480,392,100 2023-12-05
23139 12 14 19 21 27 31 11   2,599,513,870 7 9,460,351 133 293,444 521,719,600 2023-12-03
23138 03 22 28 30 31 33 04   2,548,652,101 3 10,000,000 78 473,833 492,601,986 2023-11-30
23137 03 12 17 19 23 27 11   2,467,775,081 6 8,591,449 213 126,459 492,348,152 2023-11-28
23136 03 05 10 21 22 26 10   2,438,516,168 21 6,073,140 240 117,374 525,192,790 2023-11-26
23135 05 06 11 13 28 30 07   2,481,542,330 23 5,669,924 221 87,150 486,609,550 2023-11-23
23134 05 08 09 17 22 33 04   2,554,169,624 28 5,894,533 232 134,951 484,355,844 2023-11-21
23133 04 05 10 14 22 25 03   2,625,290,582 17 6,512,569 306 105,039 517,770,956 2023-11-19
23132 03 09 11 15 25 27 01   2,639,577,950 24 6,034,708 339 91,567 474,511,672 2023-11-16
23131 06 07 14 20 26 32 01   2,691,287,209 7 9,257,052 140 266,065 466,031,504 2023-11-14
23130 04 10 17 22 23 32 16   2,644,338,946 3 10,000,000 261 153,869 497,696,868 2023-11-12
23129 08 09 12 17 32 33 04   2,553,859,029 6 9,879,535 132 277,246 473,959,588 2023-11-09
23128 07 16 20 21 27 33 01   2,503,346,700 7 7,837,587 178 139,488 381,237,932 2023-11-07
23127 03 08 19 22 26 32 14   2,483,723,142 13 6,891,253 253 121,473 415,967,168 2023-11-05
23126 10 24 26 28 29 31 16   2,481,110,827 7 8,438,994 140 214,937 394,649,530 2023-11-02
23125 11 14 15 27 30 33 04   2,449,910,182 3 10,000,000 104 253,325 386,307,316 2023-10-31
23124 02 03 17 18 25 30 11   2,400,872,645 8 7,192,295 207 105,908 417,825,112 2023-10-29
23123 10 13 15 22 29 32 15   2,392,642,136 14 6,724,880 146 206,749 385,283,048 2023-10-26